sample	MethPipe_precision	MethPipe_recall	MethPipe_F1	MethylSeekR_precision	MethylSeekR_recall	MethylSeekR_F1	MMSeekR_precision	MMSeekR_recall	MMSeekR_F1
BP_bone_marrow_G203_plasma_cell_MultipleMyeloma	0.688837932067766	0.294643829015168	0.412741453693764	0.594248852475333	0.718877690688729	0.650649010159444	0.612586320234479	0.693041392699035	0.65033496504114
BP_bone_marrow_G204_plasma_cell_MultipleMyeloma	0.623028442881508	0.554211737426519	0.58660871684681	0.461017827031734	0.368615795776181	0.409671084937825	0.64305040140733	0.526752611945715	0.579120543694178
BP_bone_marrow_S004XMA1_myeloid_cell_AcutePromyelocyticLeukemia	0.771383246189111	0.467499231439147	0.582171563890102	0.647777206310581	0.642431621307787	0.645093339912304	0.709368260382954	0.580522466071558	0.638510229470862
BP_bone_marrow_S0050AA1_myeloid_cell_AcutePromyelocyticLeukemia	0.76987008705487	0.470467797372814	0.58403292952234	0.646319708711166	0.650810238043399	0.648557200503896	0.704851646545624	0.586685768923724	0.640363066958452
BP_bone_marrow_S005FHA1_myeloid_cell_AcuteMyeloidLeukemia	0.304465739782221	0.00557701865157123	0.0109533995769327	0.605028235604442	0.595758551418826	0.600357614035281	0.727407472708841	0.490753187459177	0.586092701046923
BP_bone_marrow_S008QKA1_myeloid_cell_AcutePromyelocyticLeukemia	0.383928939370213	0.0011494368241527	0.00229201164257152	0.662398199768232	0.616256988170404	0.638495074214267	0.683532122914727	0.621319576892372	0.650942769150712
BP_bone_marrow_S008X6A1_myeloid_cell_AcuteMyeloidLeukemia	0.794774864456682	0.366552373176573	0.501713217889214	0.7111685446818	0.50710537847449	0.592046480114557	0.718843549774819	0.536574783365992	0.614477759026324
BP_bone_marrow_S00CXRA1_myeloid_cell_AcuteMyeloidLeukemia	0.372430655963943	0.00315344001741781	0.00625392686642486	0.464627502582574	0.0442897394585964	0.0808706380320115	0.696659560912373	0.516674542419624	0.593317634224885
BP_bone_marrow_S00CYPA1_myeloid_cell_AcuteMyeloidLeukemia	0.687739282427855	0.43907403294869	0.535968924456538	0.605167007952309	0.594133064083025	0.599599278113057	0.653897285223934	0.551911105305175	0.598591245970074
BP_bone_marrow_S00D0FA1_myeloid_cell_AcuteMyeloidLeukemia	0.742473551859452	0.346451579214747	0.472449624361478	0.651248096512673	0.630262565498222	0.640583505469768	0.674357005551385	0.609940734450976	0.640533412832162
BP_bone_marrow_S00XCMA1_plasma_cell_MultipleMyeloma	0.643288125448946	0.672982614848683	0.657800422833754	0.407400277858401	0.221146447492561	0.28667757072654	0.665506169229377	0.622994963350025	0.643549285328582
BP_bone_marrow_S00XDKU1_plasma_cell_MultipleMyeloma	0.671932451729096	0.628949380942013	0.649730804037924	0.445369785469008	0.358190394077945	0.39705098143986	0.677898405339456	0.577927254517744	0.623933682457703
BP_bone_marrow_S00XEIU1_plasma_cell_MultipleMyeloma	0.603864846845546	0.436180340373031	0.506504866660267	0.55937330335458	0.466360218448363	0.508649567166512	0.590766107970311	0.388150775092532	0.468489872173047
BP_bone_marrow_S013M3A1_myeloid_cell_AcuteMyeloidLeukemia	0.672851585596246	0.133359973873285	0.222600305891807	0.599462131927566	0.687790863633065	0.640596027130175	0.674698976960109	0.572652667827854	0.619501598849631
BP_bone_marrow_S013N1A1_mononuclear_cell_of_bone_marrow_AcuteMyeloidLeukemia	0.365134982036282	0.0110260933304304	0.0214057894544893	0.728938851250936	0.37370264895856	0.49409781799348	0.679245908308852	0.628342537194281	0.652803409013598
BP_bone_marrow_S0179DA1_precursor_B_cell_AcuteLymphocyticLeukemia	0.735660710893915	0.33845759997097	0.463617380103323	0.614813261674746	0.681394137455548	0.646393705847046	0.647053904767755	0.649263481384716	0.648156809961468
BP_bone_marrow_S017E3A1_precursor_B_cell_AcuteLymphocyticLeukemia	0.370585192401739	0.00851209739458596	0.0166419403969348	0.637461950914203	0.712395878510777	0.672849031415654	0.674538547552482	0.656215120836055	0.665250684639093
BP_bone_marrow_S01GRFA1_precursor_B_cell_AcuteLymphocyticLeukemia	0.755508606185909	0.507856184773931	0.607409231358962	0.651381530184417	0.702228724145439	0.675850111817844	0.664467608207505	0.686316450395529	0.675215327517869
BP_bone_marrow_S01GSDA1_precursor_B_cell_AcuteLymphocyticLeukemia	0.725221451709801	0.131725367588359	0.222954470821599	0.640966661261155	0.679426054140359	0.659636249755831	0.690257685343457	0.633818406270412	0.660835172255157
BP_bone_marrow_S01GTBA1_precursor_B_cell_AcuteLymphocyticLeukemia	0.434896758663164	0.0105632019740184	0.0206254330603984	0.65430223491829	0.706484080847667	0.679392653610908	0.709242747665178	0.639439849045649	0.672534926467924
BP_venous_blood_S00AYXU1_NA_ChronicLymphocyticLeukemia	0.732489720620022	0.618132360113216	0.670469713511151	0.59887223971902	0.803904338486102	0.686404377131838	0.643665794575215	0.746087435953262	0.691102494653422
BP_venous_blood_S00B0NU1_NA_ChronicLymphocyticLeukemia	0.354988447032808	0.00889877639886784	0.0173623178331758	0.571559013075998	0.827529549314174	0.676128710092809	0.66741790206066	0.70150087234197	0.684035092902442
BP_venous_blood_S00B1LU1_NA_ChronicLymphocyticLeukemia	0.73129448182042	0.588065789244502	0.65190573955173	0.611281341844473	0.770267359750345	0.681626445312648	0.637014420727138	0.739068324987299	0.68425708030389
BP_venous_blood_S00B2JA1_NA_ChronicLymphocyticLeukemia	0.781604934980129	0.522968736483054	0.62664907964458	0.590390019720189	0.812955957616663	0.684023885200106	0.625852382187913	0.762559842513971	0.68747578782041
BP_venous_blood_S00CWTA1_myeloid_cell_AcuteMyeloidLeukemia	0.342928058527427	0.0043958777850352	0.00868048341470946	0.674428712006423	0.163985915523623	0.263823664717318	0.694026818272942	0.548981288192177	0.613041435134179
BP_venous_blood_S00D1DA1_myeloid_cell_AcuteMyeloidLeukemia	0.347749020424061	0.00403538573191088	0.0079781901116052	0.644230813468113	0.604466692067639	0.623715618904894	0.681684765139353	0.576566917773423	0.624734922697882
BP_venous_blood_S00D2BA1_myeloid_cell_AcuteMyeloidLeukemia	0.796370667571878	0.362910666956964	0.498604439673711	0.627231299423669	0.645928571013862	0.636442643754812	0.728294843308135	0.522370967414181	0.608380078195163
BP_venous_blood_S00D39A1_myeloid_cell_AcuteMyeloidLeukemia	0.764099294553704	0.416233447274839	0.538905127616226	0.658829971375496	0.591952205530155	0.623603153012488	0.601073064390348	0.694020674940126	0.64421149013071
BP_venous_blood_S00GPRA1_NA_ChronicLymphocyticLeukemia	0.750108677329582	0.548555177443936	0.633691308312458	0.630486817145603	0.743643246244285	0.682405946726386	0.660183267685049	0.711647765440163	0.684950166433752
BP_venous_blood_S00Q7NA1_myeloid_cell_AcuteMyeloidLeukemia	0.607833442597235	0.0265243370346179	0.0508305552797593	0.619683472887277	0.586125622323826	0.602437587562328	0.708752639644948	0.505796144132375	0.59031692602935
BP_venous_blood_S00XWJA1_myeloid_cell_AcuteMyeloidLeukemia	0.795982502043238	0.21256806589738	0.335531933303023	0.577217601724241	0.825514420494956	0.679390569886648	0.687552640990398	0.623901306335728	0.654182316905736
BP_venous_blood_S00Y05A1_myeloid_cell_AcuteMyeloidLeukemia	0.733238884701352	0.537746651426083	0.620458288054057	0.664861091374076	0.666196336454024	0.665528044191097	0.694593599993474	0.63455107917846	0.663216165061736
BP_venous_blood_S00Y13A1_myeloid_cell_AcuteMyeloidLeukemia	0.705610892388797	0.0854715102692503	0.152473695362867	0.738795400717878	0.510382017562958	0.60370589744339	0.73937583637889	0.509638866390885	0.603379067121208
BP_venous_blood_S00Y4YA1_myeloid_cell_AcuteMyeloidLeukemia	0.556590681984751	0.0700996407576747	0.12451702360892	0.582680149642957	0.692409398359823	0.632823337752921	0.685776764100814	0.564882758545613	0.619486699996557
BP_venous_blood_S00Y6UA1_myeloid_cell_AcuteMyeloidLeukemia	0.767944155620999	0.354563672254881	0.48513710664967	0.639530255281176	0.636467867044053	0.637995386305438	0.714193077743785	0.538713832643878	0.614164846516869
BP_venous_blood_S013PYA1_myeloid_cell_AcuteMyeloidLeukemia	0.760153984589127	0.431955741345526	0.550876938265917	0.664519757935656	0.5848414507584	0.62213985288522	0.697990989777268	0.559843696204369	0.62133102225479
BP_venous_blood_S013RUA1_peripheral_blood_mononuclear_cell_AcuteMyeloidLeukemia	0.357918422142311	0.00918260323680964	0.0179058222911993	0.666250748885152	0.615853587343058	0.640061658285953	0.677373969990349	0.631522945787067	0.653645370802495
BP_venous_blood_S013SSA1_myeloid_cell_AcuteMyeloidLeukemia	0.409981200531917	0.0178431286740692	0.034197902342848	0.631323393355463	0.644386832861601	0.637788227444287	0.706242203629491	0.568045337107192	0.62965002452761
BP_venous_blood_S0145XU1_NA_TcellProlymphocyticLeukemia	0.335731618438767	0.00827212860149503	0.0161464236782775	0.55819153072287	0.85251125771101	0.67464893073399	0.654544195308379	0.715878386675376	0.683838764342033
BP_venous_blood_S016KWU1_NA_TcellProlymphocyticLeukemia	0.777591460616318	0.494486242107555	0.604535836815233	0.652909104555081	0.681114781188766	0.666713762231057	0.687881832487832	0.667556973655563	0.67756701703823
BP_venous_blood_S016MSU1_NA_TcellProlymphocyticLeukemia	0.794353181850168	0.451445651353509	0.575706574813355	0.683934833333158	0.669181627839466	0.676477802523176	0.681605832970619	0.685504543145366	0.683549628908822
BP_venous_blood_S017B9A1_precursor_B_cell_AcuteLymphocyticLeukemia	0.31716429021002	0.00752157703752086	0.0146946688045804	0.640348900501691	0.255774650555193	0.36554114902137	0.652031433659074	0.65985063066986	0.655917729825196
BP_venous_blood_S017C7A1_precursor_B_cell_AcuteLymphocyticLeukemia	0.341163869004255	0.00851594165033747	0.0166170966302281	0.668111785631455	0.564178491182234	0.611762189884764	0.683586527958355	0.625985583859496	0.65351928001658
BP_venous_blood_S01FE8A1_NA_MantleCellLymphoma	0.717765541294742	0.632419395456855	0.672395073222322	0.600194836781454	0.784976584657813	0.680260776123176	0.637375350630606	0.739585664416866	0.684687027486858
BP_venous_blood_S01FF6A1_NA_MantleCellLymphoma	0.752740323250003	0.559155370491327	0.641665029222371	0.599498461650699	0.790553761521155	0.681896343149854	0.633630885405313	0.74443848973075	0.684579786603728
BP_venous_blood_S01FG4A1_NA_ChronicLymphocyticLeukemia	0.750339292236346	0.563645499673416	0.643729467648507	0.624991092757667	0.760628521663401	0.68617107608668	0.649872446419202	0.734122845634661	0.689433284063882
BP_venous_blood_S01FH2A1_NA_MantleCellLymphoma	0.794633240779423	0.329512567675448	0.465849959249307	0.65170166197526	0.652813860222077	0.652257286982064	0.705458138685484	0.630032379708252	0.665615313293495
BP_venous_blood_S01FJZA1_NA_MantleCellLymphoma	0.695317444340921	0.674420317149285	0.684709474347346	0.59251211155988	0.813316552725161	0.685574167413732	0.627968439997618	0.766138951302707	0.690206629809524
BP_venous_blood_S01FKXA1_NA_MantleCellLymphoma	0.784330748785552	0.436434311633645	0.560810366446397	0.638898909092931	0.69764745264533	0.666982020506747	0.702149634147976	0.648178302489295	0.674085376755069
