Sample	Type	MethPipe_in_commonPMD	MethPipe_in_commonHMD	MethylSeekR_in_commonPMD	MethylSeekR_in_commonHMD	MMSeekR_in_commonPMD	MMSeekR_in_commonHMD
EAC_1	EAC/GEJ_Tumor	0.818371870803237	0.0205527957261434	0.694315808352048	0.0684797193077231	0.858065853314135	0.010568014816764
EAC_2	EAC/GEJ_Tumor	0.969795971067283	0.00160036356381276	0.72457176079513	0.0679852555571588	0.871574392002549	0.0110559833026949
EAC_3	EAC/GEJ_Tumor	0.874868090643241	0.0112793399605823	0.720179702939033	0.0588893582777996	0.79118263465895	0.0257829172377407
EAC_4	EAC/GEJ_Tumor	0.932369020735	0.00620668652451943	0.724082828756589	0.0661059378754479	0.829931190019993	0.0189013818780238
EAC_6	EAC/GEJ_Tumor	0.578082329824346	0.129419390999415	0.69921151941556	0.0741532470339102	0.793628665948924	0.0250170582345643
ESCC_1	ESCC_Tumor	0.953319696482749	0.00608809486058295	0.865826737810226	0.0320224256692989	0.920296737608848	0.00814996784894642
ESCC_10	ESCC_Tumor	0.648491341988743	0.123473857293665	0.788235754934175	0.0535117115294152	0.83856333153045	0.024728772220845
ESCC_11	ESCC_Tumor	0.897293886298069	0.010233888288396	0.789629978314305	0.0454155312014757	0.871565960534962	0.0131493255382658
ESCC_12	ESCC_Tumor	0.855716865205182	0.0154977225427773	0.763987930965965	0.0428424550550579	0.799942035003054	0.027362774154668
ESCC_13	ESCC_Tumor	0.841818420957427	0.0174546164723983	0.78929761482749	0.0319694378072083	0.833702809916294	0.0164686999985791
ESCC_14	ESCC_Tumor	0.913944789250827	0.0115339741081721	0.732082654714501	0.0580058512754238	0.789313203434367	0.0309440955804338
ESCC_15	ESCC_Tumor	0.935623144436291	0.00425097469921438	0.808718228681009	0.0299405410269391	0.858722278387201	0.0136383336030454
ESCC_16	ESCC_Tumor	0.829713460418259	0.022462717197621	0.780201891094166	0.0370128915623384	0.816810074762594	0.0239349662988267
ESCC_17	ESCC_Tumor	0.858270208921834	0.0168083627334894	0.781985136505202	0.0365870613814071	0.848427854006205	0.016133385059551
ESCC_19	ESCC_Tumor	0.886748464622552	0.0108294503418501	0.753513017914574	0.0470817064727448	0.774745057409275	0.0359355444663954
ESCC_2	ESCC_Tumor	0.947626608057556	0.00509673202890264	0.735854174793421	0.0608754116576682	0.845292412043573	0.0203185049896168
ESCC_20	ESCC_Tumor	0.838385508491048	0.0216170814401497	0.725292945140391	0.0563845311186035	0.783289397084129	0.0312096066495859
ESCC_21	ESCC_Tumor	0.909497924119289	0.010046456401866	0.718342436992924	0.0606124959748555	0.828052946390025	0.0184553056505671
ESCC_22	ESCC_Tumor	0.847754758204672	0.0247576795244522	0.660470030522749	0.0935514996570604	0.767331270195605	0.0356050388121686
ESCC_3	ESCC_Tumor	0.870880459066929	0.0159589181207248	0.738435441399215	0.0542135883389049	0.899626812965775	0.00709342203095808
ESCC_4	ESCC_Tumor	0.917892973627928	0.00725011987733074	0.764154759666725	0.0448835738132086	0.856415810355258	0.0130089402718773
ESCC_5	ESCC_Tumor	0.891287897123892	0.00984075960055509	0.714611398187202	0.0644817077006883	0.910785650068653	0.00587152639371657
ESCC_6	ESCC_Tumor	0.935800346412555	0.0058528730380823	0.709821494342923	0.0722181113483145	0.784352312155732	0.0384536823673643
ESCC_7	ESCC_Tumor	0.850806455079856	0.020711143948527	0.77744955394919	0.0439682785541601	0.844327590730587	0.018118689362667
ESCC_8	ESCC_Tumor	0.389139563436519	0.239236178494908	0.760486348819083	0.0509655641364714	0.855900207191863	0.0157895382172507
ESCC_9	ESCC_Tumor	0.852864214212925	0.0172490320074281	0.787175601823162	0.0353216607278055	0.867896629483345	0.0127415734584758
ESCC_Nonmalignant_1	ESCC_Nonmalignant	0.354915667229442	0.222840902137105	0.768779203132905	0.0579135039892225	0.825528983144977	0.0272016584266608
ESCC_Nonmalignant_2	ESCC_Nonmalignant	0.312435909784979	0.236551358230944	0.750325284848468	0.0625151466953408	0.770250626003366	0.0442418270396351
ESCC_Nonmalignant_3	ESCC_Nonmalignant	0.367436619098859	0.245211314089691	0.728317940442892	0.0697665966926889	0.813546344870687	0.0263531800152915
ESCC_Nonmalignant_53F	ESCC_Nonmalignant	0.341328152622907	0.280039646600326	0.726728439169336	0.0681262225815904	0.80107638740536	0.0304445523526212
ESCC_Nonmalignant_54M	ESCC_Nonmalignant	0.366968814679017	0.257818267563061	0.74989200463434	0.0591627836058249	0.812313789371156	0.0267064651070782
GEJ_1	EAC/GEJ_Tumor	0.411984494598568	0.204523046746171	0.714698684776724	0.0710936735057106	0.7864087948445	0.0287942307996133
GEJ_2	EAC/GEJ_Tumor	0.87870646533838	0.0110831349487878	0.69675768753539	0.0659088868691509	0.747210377996537	0.0400624072018053
GEJ_3	EAC/GEJ_Tumor	0.942383896124902	0.00419399582387834	0.730868380750672	0.062283197961903	0.840656380159462	0.0157717975482196
GEJ_4	EAC/GEJ_Tumor	0.899612065269627	0.00800152756904803	0.817115707722214	0.0237108879077382	0.886886991798067	0.00688289069546037
GEJ_5	EAC/GEJ_Tumor	0.904922598818641	0.00710083403164434	0.706907731071322	0.0641897571556011	0.793304688318352	0.0233604219165407
GEJ_6	EAC/GEJ_Tumor	0.910760029726805	0.00886665612291577	0.746967628237271	0.054589832116287	0.853898702720931	0.0148651001596756
GEJ_7	EAC/GEJ_Tumor	0.92287375261938	0.00719908030877027	0.697286968296457	0.0745364329352769	0.777445325164727	0.0289432510829255
GEJ_Nonmalignant_1	GEJ_Nonmalignant	0.430311945167969	0.164419620933689	0.728590786829045	0.064624643302934	0.805039258925347	0.0275433523918047
GEJ_Nonmalignant_2	GEJ_Nonmalignant	0.326520845470908	0.243302336394741	0.753633233615314	0.057814200248714	0.8591388235302	0.0134915954557607
GEJ_Nonmalignant_3	GEJ_Nonmalignant	0.440909123908992	0.158059880693049	0.697650150475075	0.0795917361260802	0.76259896675414	0.0435996199647606
GEJ_Nonmalignant_4	GEJ_Nonmalignant	0.939915091291341	0.00418070332795381	0.745705541932735	0.0585660003636018	0.842650830263379	0.0152587014810784
GEJ_Nonmalignant_5	GEJ_Nonmalignant	0.47118397215709	0.131718886068444	0.691215095493415	0.0824084534800313	0.767620086848946	0.0411609145936678
GEJ_Nonmalignant_6	GEJ_Nonmalignant	0.922482190309598	0.00513679788235721	0.741344149012106	0.0533063635893785	0.841239074298976	0.014285820014511
GEJ_Nonmalignant_7	GEJ_Nonmalignant	0.445215950162393	0.171385350628276	0.693245236626244	0.0813025659548235	0.756734007228484	0.0469696974914561
