sample	MethPipe_in_commonPMD	MethPipe_in_commonHMD	MethylSeekR_in_commonPMD	MethylSeekR_in_commonHMD	MMSeekR_in_commonPMD	MMSeekR_in_commonHMD
BP_bone_marrow_G203_plasma_cell_MultipleMyeloma	0.612586320234479	0.172330735398733	0.594248852475333	0.185839861669424	0.612586320234479	0.172330735398733
BP_bone_marrow_G204_plasma_cell_MultipleMyeloma	0.64305040140733	0.156886077499237	0.461017827031734	0.272771046571444	0.64305040140733	0.156886077499237
BP_bone_marrow_S004XMA1_myeloid_cell_AcutePromyelocyticLeukemia	0.709368260382954	0.125680442190334	0.647777206310581	0.156173899317305	0.709368260382954	0.125680442190334
BP_bone_marrow_S0050AA1_myeloid_cell_AcutePromyelocyticLeukemia	0.704851646545624	0.127415147668582	0.646319708711166	0.157353877440289	0.704851646545624	0.127415147668582
BP_bone_marrow_S005FHA1_myeloid_cell_AcuteMyeloidLeukemia	0.727407472708841	0.122893510368464	0.605028235604442	0.183746545579529	0.727407472708841	0.122893510368464
BP_bone_marrow_S008QKA1_myeloid_cell_AcutePromyelocyticLeukemia	0.683532122914727	0.137699517791569	0.662398199768232	0.147473739235291	0.683532122914727	0.137699517791569
BP_bone_marrow_S008X6A1_myeloid_cell_AcuteMyeloidLeukemia	0.718843549774819	0.118292216299384	0.7111685446818	0.12067122297386	0.718843549774819	0.118292216299384
BP_bone_marrow_S00CXRA1_myeloid_cell_AcuteMyeloidLeukemia	0.696659560912373	0.130804917590094	0.464627502582574	0.253701057139922	0.696659560912373	0.130804917590094
BP_bone_marrow_S00CYPA1_myeloid_cell_AcuteMyeloidLeukemia	0.653897285223934	0.152304577309213	0.605167007952309	0.179030105407625	0.653897285223934	0.152304577309213
BP_bone_marrow_S00D0FA1_myeloid_cell_AcuteMyeloidLeukemia	0.674357005551385	0.142634768875877	0.651248096512673	0.15732609097206	0.674357005551385	0.142634768875877
BP_bone_marrow_S00XCMA1_plasma_cell_MultipleMyeloma	0.665506169229377	0.147269426707114	0.407400277858401	0.292491130266384	0.665506169229377	0.147269426707114
BP_bone_marrow_S00XDKU1_plasma_cell_MultipleMyeloma	0.677898405339456	0.138054818481773	0.445369785469008	0.269155865537838	0.677898405339456	0.138054818481773
BP_bone_marrow_S00XEIU1_plasma_cell_MultipleMyeloma	0.590766107970311	0.174544016036072	0.55937330335458	0.209148953133977	0.590766107970311	0.174544016036072
BP_bone_marrow_S013M3A1_myeloid_cell_AcuteMyeloidLeukemia	0.674698976960109	0.143132376191201	0.599462131927566	0.186199760223631	0.674698976960109	0.143132376191201
BP_bone_marrow_S013N1A1_mononuclear_cell_of_bone_marrow_AcuteMyeloidLeukemia	0.679245908308852	0.139252634967474	0.728938851250936	0.119290472663583	0.679245908308852	0.139252634967474
BP_bone_marrow_S0179DA1_precursor_B_cell_AcuteLymphocyticLeukemia	0.647053904767755	0.155451494153803	0.614813261674746	0.172439976710681	0.647053904767755	0.155451494153803
BP_bone_marrow_S017E3A1_precursor_B_cell_AcuteLymphocyticLeukemia	0.674538547552482	0.140488419216544	0.637461950914203	0.161488459754148	0.674538547552482	0.140488419216544
BP_bone_marrow_S01GRFA1_precursor_B_cell_AcuteLymphocyticLeukemia	0.664467608207505	0.143753387185612	0.651381530184417	0.150014673101669	0.664467608207505	0.143753387185612
BP_bone_marrow_S01GSDA1_precursor_B_cell_AcuteLymphocyticLeukemia	0.690257685343457	0.131985650773293	0.640966661261155	0.161046921049171	0.690257685343457	0.131985650773293
BP_bone_marrow_S01GTBA1_precursor_B_cell_AcuteLymphocyticLeukemia	0.709242747665178	0.122570418889538	0.65430223491829	0.150281387601774	0.709242747665178	0.122570418889538
BP_venous_blood_S00AYXU1_NA_ChronicLymphocyticLeukemia	0.643665794575215	0.155872620846141	0.59887223971902	0.182248332071696	0.643665794575215	0.155872620846141
BP_venous_blood_S00B0NU1_NA_ChronicLymphocyticLeukemia	0.66741790206066	0.14319854256848	0.571559013075998	0.201078907726314	0.66741790206066	0.14319854256848
BP_venous_blood_S00B1LU1_NA_ChronicLymphocyticLeukemia	0.637014420727138	0.160478361945912	0.611281341844473	0.174231047109544	0.637014420727138	0.160478361945912
BP_venous_blood_S00B2JA1_NA_ChronicLymphocyticLeukemia	0.625852382187913	0.165185645714798	0.590390019720189	0.188854937276622	0.625852382187913	0.165185645714798
BP_venous_blood_S00CWTA1_myeloid_cell_AcuteMyeloidLeukemia	0.694026818272942	0.133414468625229	0.674428712006423	0.133607053446887	0.694026818272942	0.133414468625229
BP_venous_blood_S00D1DA1_myeloid_cell_AcuteMyeloidLeukemia	0.681684765139353	0.137793354552816	0.644230813468113	0.158049313537613	0.681684765139353	0.137793354552816
BP_venous_blood_S00D2BA1_myeloid_cell_AcuteMyeloidLeukemia	0.728294843308135	0.115265581337784	0.627231299423669	0.168616638225286	0.728294843308135	0.115265581337784
BP_venous_blood_S00D39A1_myeloid_cell_AcuteMyeloidLeukemia	0.601073064390348	0.185052594845256	0.658829971375496	0.150101748867365	0.601073064390348	0.185052594845256
BP_venous_blood_S00GPRA1_NA_ChronicLymphocyticLeukemia	0.660183267685049	0.148130153399772	0.630486817145603	0.165836865918916	0.660183267685049	0.148130153399772
BP_venous_blood_S00Q7NA1_myeloid_cell_AcuteMyeloidLeukemia	0.708752639644948	0.12357464105044	0.619683472887277	0.17116063947371	0.708752639644948	0.12357464105044
BP_venous_blood_S00XWJA1_myeloid_cell_AcuteMyeloidLeukemia	0.687552640990398	0.13536024907429	0.577217601724241	0.197161959011693	0.687552640990398	0.13536024907429
BP_venous_blood_S00Y05A1_myeloid_cell_AcuteMyeloidLeukemia	0.694593599993474	0.130643963297173	0.664861091374076	0.144991829551956	0.694593599993474	0.130643963297173
BP_venous_blood_S00Y13A1_myeloid_cell_AcuteMyeloidLeukemia	0.73937583637889	0.110530737205384	0.738795400717878	0.112419314599775	0.73937583637889	0.110530737205384
BP_venous_blood_S00Y4YA1_myeloid_cell_AcuteMyeloidLeukemia	0.685776764100814	0.138698216182415	0.582680149642957	0.197552762684018	0.685776764100814	0.138698216182415
BP_venous_blood_S00Y6UA1_myeloid_cell_AcuteMyeloidLeukemia	0.714193077743785	0.122154554676253	0.639530255281176	0.16430900730643	0.714193077743785	0.122154554676253
BP_venous_blood_S013PYA1_myeloid_cell_AcuteMyeloidLeukemia	0.697990989777268	0.127977058651856	0.664519757935656	0.145323072803191	0.697990989777268	0.127977058651856
BP_venous_blood_S013RUA1_peripheral_blood_mononuclear_cell_AcuteMyeloidLeukemia	0.677373969990349	0.141497578584841	0.666250748885152	0.146274110888337	0.677373969990349	0.141497578584841
BP_venous_blood_S013SSA1_myeloid_cell_AcuteMyeloidLeukemia	0.706242203629491	0.127308191304806	0.631323393355463	0.167608251067783	0.706242203629491	0.127308191304806
BP_venous_blood_S0145XU1_NA_TcellProlymphocyticLeukemia	0.654544195308379	0.153335543554819	0.55819153072287	0.208187107863498	0.654544195308379	0.153335543554819
BP_venous_blood_S016KWU1_NA_TcellProlymphocyticLeukemia	0.687881832487832	0.133169092799246	0.652909104555081	0.151272066079912	0.687881832487832	0.133169092799246
BP_venous_blood_S016MSU1_NA_TcellProlymphocyticLeukemia	0.681605832970619	0.137666266875868	0.683934833333158	0.139756340372651	0.681605832970619	0.137666266875868
BP_venous_blood_S017B9A1_precursor_B_cell_AcuteLymphocyticLeukemia	0.652031433659074	0.153976478197838	0.640348900501691	0.154466813704288	0.652031433659074	0.153976478197838
BP_venous_blood_S017C7A1_precursor_B_cell_AcuteLymphocyticLeukemia	0.683586527958355	0.134564739715575	0.668111785631455	0.142911838764019	0.683586527958355	0.134564739715575
BP_venous_blood_S01FE8A1_NA_MantleCellLymphoma	0.637375350630606	0.159286707797397	0.600194836781454	0.179989763464014	0.637375350630606	0.159286707797397
BP_venous_blood_S01FF6A1_NA_MantleCellLymphoma	0.633630885405313	0.161481213848793	0.599498461650699	0.182858582352578	0.633630885405313	0.161481213848793
BP_venous_blood_S01FG4A1_NA_ChronicLymphocyticLeukemia	0.649872446419202	0.152313329875507	0.624991092757667	0.167464787085612	0.649872446419202	0.152313329875507
BP_venous_blood_S01FH2A1_NA_MantleCellLymphoma	0.705458138685484	0.125197280283697	0.65170166197526	0.158288874003373	0.705458138685484	0.125197280283697
BP_venous_blood_S01FJZA1_NA_MantleCellLymphoma	0.627968439997618	0.167439683830793	0.59251211155988	0.186842094098967	0.627968439997618	0.167439683830793
BP_venous_blood_S01FKXA1_NA_MantleCellLymphoma	0.702149634147976	0.127015372448057	0.638898909092931	0.164282108447855	0.702149634147976	0.127015372448057
