region	chr	start	end	ESCC_1	ESCC_2	ESCC_3	ESCC_4	ESCC_5	ESCC_6	ESCC_7	ESCC_8	ESCC_9	ESCC_10	ESCC_11	ESCC_12	ESCC_13	ESCC_14	ESCC_15	ESCC_16	ESCC_17	ESCC_19	ESCC_20	ESCC_21	ESCC_22	ESCC_Nonmalignant_1	ESCC_Nonmalignant_2	ESCC_Nonmalignant_3	ESCC_Nonmalignant_53F	ESCC_Nonmalignant_54M	EAC_1	EAC_2	EAC_3	EAC_4	EAC_6	GEJ_1	GEJ_2	GEJ_3	GEJ_4	GEJ_5	GEJ_6	GEJ_7	GEJ_Nonmalignant_1	GEJ_Nonmalignant_2	GEJ_Nonmalignant_3	GEJ_Nonmalignant_4	GEJ_Nonmalignant_5	GEJ_Nonmalignant_6	GEJ_Nonmalignant_7
chr3_170780000_170790000	chr3	170780000	170790000	0.8747	0.8052	0.5458	0.4935	0.7533	0.7298	0.6734	0.8284	0.5971	0.9039	0.8645	0.4797	0.5659	0.6432	0.8233	0.853	0.8582	0.5455	0.3795	0.55	0.522	0.8013	0.8417	0.7775	0.8262	0.84	0.3798	0.7642	0.594	0.7528	0.7034	0.7527	0.6052	0.7771	0.6683	0.5701	0.5502	0.6666	0.803	0.8401	0.7984	0.7954	0.7527	0.78	0.8169
chr3_170790000_170800000	chr3	170790000	170800000	0.8868	0.8252	0.6053	0.5342	0.8022	0.7742	0.7865	0.8349	0.681	0.9105	0.8987	0.5213	0.6122	0.6628	0.8621	0.877	0.8772	0.6655	0.3786	0.5856	0.5744	0.8359	0.8475	0.7628	0.8054	0.8297	0.4404	0.8444	0.5803	0.8528	0.7215	0.7898	0.7259	0.7745	0.7013	0.6778	0.5672	0.7292	0.8395	0.9072	0.811	0.8068	0.7752	0.8001	0.8424
chr3_170800000_170810000	chr3	170800000	170810000	0.8077	0.7862	0.6187	0.597	0.7679	0.7833	0.7107	0.76	0.7345	0.8172	0.8485	0.6057	0.7228	0.6778	0.8072	0.8276	0.8378	0.7179	0.5097	0.6052	0.6879	0.8226	0.815	0.7519	0.7953	0.783	0.5657	0.8097	0.701	0.832	0.7511	0.809	0.8113	0.7695	0.7552	0.6871	0.6178	0.742	0.7972	0.7751	0.7982	0.8052	0.8068	0.8023	0.8213
chr3_170810000_170820000	chr3	170810000	170820000	0.6825	0.6761	0.5459	0.5512	0.66	0.6416	0.6173	0.6997	0.5781	0.6985	0.743	0.5209	0.5577	0.6146	0.6465	0.7163	0.6643	0.678	0.4623	0.5717	0.541	0.706	0.6829	0.6634	0.7288	0.6873	0.5158	0.6172	0.6207	0.7564	0.7053	0.7409	0.6438	0.7376	0.7287	0.525	0.6889	0.7227	0.7343	0.8055	0.734	0.7186	0.7065	0.7219	0.7452
chr3_170820000_170830000	chr3	170820000	170830000	0.8332	0.7982	0.5053	0.6552	0.779	0.719	0.7225	0.7814	0.6338	0.8351	0.8316	0.691	0.6408	0.7229	0.7467	0.641	0.693	0.7564	0.4583	0.62	0.5888	0.8313	0.8217	0.7826	0.8156	0.8026	0.5277	0.805	0.6547	0.8325	0.7463	0.788	0.7219	0.7582	0.8017	0.7129	0.6724	0.7495	0.8517	0.8472	0.8033	0.8075	0.8089	0.7909	0.8283
chr3_170830000_170840000	chr3	170830000	170840000	0.7735	0.7788	0.4733	0.5739	0.5909	0.6538	0.7485	0.692	0.5448	0.628	0.7839	0.6386	0.641	0.5671	0.664	0.543	0.6157	0.695	0.3663	0.4706	0.5573	0.8297	0.8104	0.724	0.764	0.7789	0.419	0.7573	0.5555	0.7947	0.6592	0.7429	0.6356	0.7084	0.7293	0.5895	0.5182	0.7008	0.7515	0.8036	0.7962	0.8086	0.7157	0.7343	0.8317
chr3_170840000_170850000	chr3	170840000	170850000	0.8328	0.8084	0.501	0.623	0.7381	0.7006	0.737	0.715	0.6774	0.7967	0.8402	0.6999	0.727	0.7243	0.7748	0.6821	0.6505	0.7606	0.4069	0.5276	0.5987	0.8274	0.8681	0.7307	0.8049	0.8106	0.5323	0.7834	0.6101	0.8185	0.7293	0.7217	0.6731	0.742	0.7589	0.6842	0.6553	0.696	0.7851	0.8018	0.7739	0.785	0.7358	0.7543	0.8204
chr3_170850000_170860000	chr3	170850000	170860000	0.7806	0.8119	0.5209	0.6674	0.779	0.7114	0.709	0.7464	0.6648	0.7775	0.8385	0.695	0.7464	0.7244	0.7731	0.6529	0.7812	0.8218	0.5166	0.5986	0.5618	0.833	0.801	0.793	0.7849	0.8019	0.7378	0.8153	0.7137	0.791	0.7244	0.7825	0.7683	0.7877	0.7724	0.6365	0.7622	0.7305	0.8173	0.7662	0.7479	0.7687	0.7495	0.7691	0.7916
chr3_170860000_170870000	chr3	170860000	170870000	0.9101	0.8619	0.6449	0.7329	0.8292	0.7592	0.7802	0.7836	0.7631	0.8627	0.8545	0.7658	0.8299	0.769	0.8146	0.7633	0.8271	0.8061	0.5809	0.6926	0.6706	0.8556	0.8773	0.8313	0.839	0.8443	0.7554	0.855	0.7548	0.8508	0.7297	0.8864	0.8654	0.8349	0.785	0.7723	0.6901	0.8528	0.8529	0.84	0.8601	0.8804	0.8426	0.7995	0.8965
chr3_170870000_170880000	chr3	170870000	170880000	NA	NA	NA	NA	NA	NA	NA	NA	NA	NA	NA	NA	NA	NA	NA	NA	NA	NA	NA	NA	NA	NA	NA	NA	NA	NA	NA	NA	NA	NA	NA	NA	NA	NA	NA	NA	NA	NA	NA	NA	NA	NA	NA	NA	NA
chr3_170880000_170890000	chr3	170880000	170890000	0.7331	0.7872	0.7978	0.7249	0.7836	0.768	0.7548	0.831	0.7915	0.822	0.7817	0.7032	0.7644	0.8291	0.7775	0.8267	0.9078	0.8395	0.7716	0.78	0.8601	0.7428	0.8095	0.8163	0.8966	0.8929	0.7378	0.8064	0.8216	0.8931	0.8143	0.887	0.7563	0.9077	0.7993	0.7418	0.7574	0.8166	0.9089	0.9154	0.8923	0.9009	0.8708	0.8519	0.8939
chr3_170890000_170900000	chr3	170890000	170900000	0.898	0.8744	0.8397	0.8539	0.8682	0.8789	0.8504	0.894	0.9021	0.9031	0.9128	0.8787	0.8903	0.8965	0.9272	0.8729	0.9232	0.9221	0.8418	0.8421	0.9157	0.9431	0.9087	0.8922	0.9191	0.918	0.9031	0.9186	0.8694	0.9313	0.8441	0.8967	0.9163	0.8704	0.8768	0.8777	0.8715	0.9152	0.8984	0.8969	0.8591	0.9044	0.8841	0.9008	0.9052
chr3_170900000_170910000	chr3	170900000	170910000	0.8346	0.7499	0.7565	0.698	0.7873	0.7647	0.7112	0.7227	0.7946	0.8351	0.8277	0.7807	0.8359	0.8436	0.8026	0.7834	0.8065	0.8275	0.729	0.7324	0.8115	0.8166	0.8766	0.7986	0.8387	0.8198	0.7278	0.798	0.7605	0.7663	0.7802	0.8217	0.7835	0.7875	0.7444	0.806	0.7466	0.8018	0.8679	0.8213	0.8648	0.8366	0.8661	0.8263	0.8355
chr3_170910000_170920000	chr3	170910000	170920000	0.8814	0.8261	0.5819	0.7842	0.821	0.8032	0.7585	0.8284	0.7897	0.8724	0.8608	0.7064	0.683	0.7172	0.7412	0.7378	0.8725	0.6815	0.5614	0.6898	0.6773	0.8693	0.8649	0.8279	0.82	0.811	0.8424	0.8278	0.6826	0.9091	0.7757	0.8492	0.8079	0.8274	0.868	0.7002	0.8658	0.8234	0.8599	0.8586	0.8736	0.8471	0.8012	0.8442	0.8292
chr3_170920000_170930000	chr3	170920000	170930000	0.8845	0.7238	0.443	0.6778	0.7075	0.6456	0.6746	0.737	0.6108	0.8505	0.7861	0.4772	0.4569	0.6384	0.5334	0.5303	0.7769	0.3549	0.4257	0.5471	0.49	0.8242	0.8164	0.7689	0.7796	0.8118	0.7693	0.7566	0.5971	0.8777	0.7269	0.7678	0.6509	0.8015	0.8381	0.5705	0.8089	0.7627	0.7861	0.7725	0.7924	0.7991	0.7538	0.735	0.8158
chr3_170930000_170940000	chr3	170930000	170940000	0.8637	0.7737	0.4798	0.7062	0.768	0.7249	0.7275	0.7843	0.6225	0.8711	0.8062	0.5334	0.5192	0.7218	0.6207	0.5284	0.8223	0.4203	0.4524	0.6228	0.6153	0.8318	0.8501	0.834	0.837	0.8396	0.7334	0.7357	0.5646	0.8779	0.73	0.8204	0.7111	0.8166	0.8375	0.5884	0.7918	0.7451	0.852	0.7952	0.8055	0.8101	0.7591	0.7915	0.8417
chr3_170940000_170950000	chr3	170940000	170950000	0.8826	0.83	0.6314	0.7603	0.8307	0.7865	0.8219	0.8123	0.6905	0.8686	0.8869	0.6747	0.6877	0.7907	0.7612	0.6415	0.9093	0.6117	0.4601	0.6179	0.6673	0.9044	0.8674	0.827	0.8686	0.8587	0.8312	0.8101	0.6779	0.9107	0.8043	0.8556	0.7242	0.8446	0.8516	0.6828	0.8455	0.7775	0.8787	0.8896	0.8663	0.8305	0.8439	0.838	0.8643
chr3_170950000_170960000	chr3	170950000	170960000	0.8829	0.7871	0.5178	0.6332	0.7766	0.7101	0.6729	0.7303	0.6982	0.841	0.8348	0.6328	0.6521	0.676	0.7485	0.5724	0.8452	0.6212	0.463	0.5886	0.5339	0.7993	0.8019	0.8032	0.7927	0.7713	0.7723	0.8184	0.6758	0.8757	0.7486	0.8108	0.7429	0.8017	0.8177	0.6873	0.8138	0.8063	0.8511	0.8891	0.7971	0.8061	0.7566	0.7932	0.8317
chr3_170960000_170970000	chr3	170960000	170970000	0.8222	0.7913	0.5864	0.6968	0.7766	0.7714	0.7373	0.7856	0.6711	0.7922	0.8182	0.6375	0.6708	0.7545	0.8043	0.6483	0.8318	0.718	0.5428	0.5294	0.6436	0.8184	0.8123	0.7673	0.8163	0.8371	0.7603	0.7605	0.7243	0.8213	0.7278	0.781	0.8045	0.7505	0.8022	0.6941	0.8019	0.8253	0.7995	0.7364	0.75	0.7613	0.7526	0.7678	0.7476
chr3_170970000_170980000	chr3	170970000	170980000	0.8791	0.8007	0.5036	0.6686	0.764	0.7595	0.7337	0.7908	0.6542	0.8076	0.8491	0.5879	0.5882	0.7583	0.7149	0.5842	0.816	0.5905	0.3846	0.6493	0.6127	0.855	0.8473	0.851	0.8035	0.8056	0.7173	0.668	0.7956	0.7881	0.7427	0.8307	0.7807	0.7992	0.7986	0.6798	0.7936	0.8222	0.8767	0.8054	0.8382	0.8698	0.8065	0.8625	0.8587
chr3_170980000_170990000	chr3	170980000	170990000	0.9033	0.8065	0.5194	0.6724	0.7879	0.7238	0.7759	0.7804	0.6416	0.7461	0.8369	0.6732	0.6151	0.6255	0.9108	0.5256	0.8907	0.5777	0.2955	0.589	0.531	0.8225	0.8496	0.807	0.8342	0.7959	0.802	0.7748	0.7774	0.8604	0.7274	0.827	0.8265	0.7913	0.8157	0.7272	0.8182	0.8141	0.8472	0.8233	0.754	0.7941	0.7306	0.8	0.8062
chr3_170990000_171000000	chr3	170990000	171000000	0.8459	0.7589	0.5359	0.6227	0.701	0.7021	0.6703	0.7308	0.6683	0.8566	0.8217	0.6209	0.642	0.599	0.8093	0.6188	0.826	0.6272	0.3974	0.5912	0.5621	0.7747	0.8194	0.7754	0.7853	0.7643	0.7026	0.7531	0.633	0.736	0.6853	0.7851	0.7553	0.789	0.7493	0.6543	0.7327	0.6899	0.8186	0.7836	0.7365	0.8047	0.735	0.7567	0.7895
chr3_171000000_171010000	chr3	171000000	171010000	0.8572	0.7635	0.5136	0.6555	0.7598	0.6741	0.7546	0.7656	0.6576	0.8355	0.8092	0.7268	0.6914	0.6675	0.823	0.596	0.8311	0.719	0.4107	0.5615	0.5955	0.8231	0.8262	0.7754	0.7582	0.7805	0.7226	0.7196	0.697	0.8065	0.7499	0.7569	0.7464	0.7666	0.7769	0.7087	0.7819	0.7792	0.7871	0.7781	0.7393	0.7861	0.7255	0.7355	0.7745
chr3_171010000_171020000	chr3	171010000	171020000	0.8621	0.7953	0.5052	0.6261	0.7978	0.7274	0.7435	0.7855	0.6839	0.8651	0.8134	0.6169	0.5818	0.6689	0.789	0.5346	0.8638	0.632	0.383	0.5789	0.5454	0.849	0.8195	0.7861	0.8015	0.787	0.7976	0.8068	0.7664	0.8278	0.7584	0.8438	0.7743	0.7953	0.7719	0.7104	0.8117	0.8007	0.819	0.8244	0.8129	0.7897	0.7645	0.7791	0.7861
chr3_171020000_171030000	chr3	171020000	171030000	0.7062	0.692	0.4454	0.5967	0.6853	0.6666	0.6798	0.6801	0.6014	0.8301	0.7523	0.5945	0.5842	0.5821	0.7009	0.5246	0.7666	0.6551	0.3687	0.4909	0.441	0.7152	0.6737	0.6673	0.7369	0.7204	0.6934	0.7156	0.6577	0.7635	0.7273	0.7763	0.7107	0.7416	0.7213	0.6392	0.8131	0.7595	0.7869	0.7838	0.7401	0.7521	0.7158	0.7888	0.7889
chr3_171030000_171040000	chr3	171030000	171040000	0.8999	0.8458	0.5689	0.6944	0.8263	0.7865	0.8081	0.8446	0.719	0.9097	0.8869	0.7051	0.6896	0.7423	0.8827	0.6312	0.8949	0.7114	0.5057	0.6541	0.6765	0.8784	0.8566	0.8612	0.8661	0.8333	0.7928	0.8468	0.7798	0.8965	0.8129	0.8907	0.8353	0.8532	0.8358	0.7967	0.8823	0.8547	0.8843	0.8971	0.8581	0.8383	0.8305	0.8345	0.8396
chr3_171040000_171050000	chr3	171040000	171050000	0.7908	0.7766	0.5345	0.6777	0.8015	0.7511	0.7656	0.7754	0.707	0.8744	0.8539	0.7254	0.6973	0.6941	0.8411	0.5799	0.8484	0.7759	0.4058	0.6119	0.5913	0.8764	0.8462	0.8096	0.8207	0.7932	0.8019	0.8167	0.7561	0.8274	0.7861	0.8504	0.811	0.8288	0.8008	0.7573	0.7909	0.7905	0.8679	0.8372	0.8361	0.8477	0.8279	0.8356	0.8508
chr3_171050000_171060000	chr3	171050000	171060000	0.7729	0.711	0.5061	0.5782	0.7376	0.6986	0.6647	0.6972	0.6061	0.8039	0.7693	0.6135	0.5492	0.6051	0.74	0.4685	0.7843	0.5609	0.294	0.5025	0.4981	0.7865	0.7797	0.7217	0.7335	0.7188	0.7142	0.6501	0.606	0.6978	0.6824	0.7196	0.7342	0.7203	0.7156	0.662	0.7266	0.7329	0.7899	0.7477	0.6893	0.7363	0.6848	0.6939	0.7378
chr3_171060000_171070000	chr3	171060000	171070000	0.8661	0.8565	0.599	0.7313	0.8589	0.85	0.8073	0.8368	0.7564	0.8977	0.8615	0.8312	0.7432	0.7577	0.8785	0.5742	0.892	0.6994	0.4482	0.6563	0.6172	0.9162	0.9042	0.8455	0.8635	0.8863	0.9175	0.9105	0.8804	0.9311	0.8612	0.9076	0.9135	0.8978	0.8612	0.8612	0.8478	0.8857	0.9133	0.9053	0.8845	0.9056	0.9145	0.8883	0.8983
chr3_171070000_171080000	chr3	171070000	171080000	0.9014	0.8632	0.5034	0.6522	0.8517	0.8179	0.8146	0.8437	0.7739	0.8734	0.8806	0.8432	0.7384	0.7682	0.8958	0.5903	0.9032	0.6558	0.4005	0.6102	0.546	0.9149	0.9134	0.8617	0.8846	0.8736	0.9037	0.9145	0.8373	0.9004	0.8556	0.8813	0.9221	0.8443	0.8588	0.8459	0.8609	0.8899	0.896	0.9031	0.8121	0.8575	0.876	0.8576	0.852
chr3_171080000_171090000	chr3	171080000	171090000	0.7655	0.8332	0.56	0.7273	0.8389	0.8031	0.7737	0.7992	0.7744	0.8863	0.8507	0.8302	0.7588	0.749	0.8961	0.6043	0.878	0.727	0.3904	0.5965	0.5867	0.8294	0.8582	0.8292	0.816	0.8282	0.9268	0.9114	0.8605	0.9127	0.8311	0.9022	0.8982	0.9232	0.8533	0.8786	0.8588	0.882	0.8994	0.9304	0.8959	0.8974	0.9239	0.9137	0.8946
chr3_171090000_171100000	chr3	171090000	171100000	0.9156	0.8681	0.5598	0.7218	0.8741	0.8571	0.8348	0.8786	0.7929	0.8977	0.8876	0.8496	0.7397	0.7839	0.9251	0.6466	0.8727	0.6504	0.3881	0.6133	0.6542	0.9204	0.9332	0.8837	0.9101	0.9054	0.9373	0.9457	0.9037	0.913	0.8603	0.9219	0.9162	0.9092	0.8554	0.8951	0.8306	0.8906	0.9345	0.9452	0.8978	0.9306	0.8965	0.8887	0.9266
chr3_171100000_171110000	chr3	171100000	171110000	0.8982	0.8659	0.5046	0.6922	0.8523	0.8179	0.8088	0.8605	0.7629	0.8781	0.8896	0.8328	0.7859	0.8432	0.8537	0.6147	0.8876	0.7282	0.5081	0.6404	0.6847	0.9185	0.8905	0.8294	0.8864	0.8511	0.9223	0.9382	0.8588	0.9409	0.8607	0.902	0.9154	0.9131	0.8998	0.8663	0.8739	0.9047	0.9343	0.9323	0.9192	0.9293	0.9211	0.9032	0.9185
chr3_171110000_171120000	chr3	171110000	171120000	0.9057	0.8761	0.5634	0.7337	0.8805	0.841	0.8202	0.8655	0.7971	0.9379	0.9033	0.8473	0.8325	0.7661	0.9129	0.6624	0.9131	0.7227	0.4626	0.6675	0.6715	0.933	0.91	0.8608	0.9199	0.91	0.9422	0.9521	0.9193	0.9406	0.8659	0.9079	0.9221	0.9039	0.881	0.9123	0.8853	0.8991	0.9439	0.9707	0.9178	0.9426	0.9307	0.9075	0.9178
chr3_171120000_171130000	chr3	171120000	171130000	0.9187	0.8821	0.5819	0.7276	0.8591	0.8603	0.8561	0.8693	0.8306	0.915	0.8876	0.8598	0.8018	0.836	0.9269	0.6544	0.9173	0.7104	0.4341	0.6562	0.7179	0.9363	0.9231	0.8855	0.9169	0.8889	0.9377	0.9323	0.9056	0.9336	0.8937	0.8932	0.9354	0.9116	0.8755	0.9049	0.8894	0.9247	0.9174	0.9211	0.8946	0.9101	0.881	0.8744	0.8726
chr3_171130000_171140000	chr3	171130000	171140000	0.8899	0.8452	0.6238	0.6899	0.8379	0.7801	0.7927	0.8208	0.7467	0.8694	0.8195	0.8333	0.7787	0.7586	0.8221	0.6095	0.8704	0.7436	0.51	0.691	0.6578	0.8795	0.9296	0.8435	0.8779	0.84	0.8648	0.8761	0.8558	0.8947	0.8294	0.8555	0.904	0.8888	0.8401	0.8521	0.8172	0.8941	0.902	0.8883	0.8582	0.8706	0.8601	0.8596	0.8481
chr3_171140000_171150000	chr3	171140000	171150000	0.8984	0.8635	0.545	0.707	0.8423	0.8475	0.8105	0.8412	0.8135	0.8699	0.8908	0.8447	0.75	0.792	0.9047	0.5752	0.8753	0.7159	0.4344	0.6353	0.6602	0.9268	0.9452	0.8776	0.8944	0.8948	0.9256	0.9441	0.8962	0.9287	0.865	0.9058	0.93	0.8924	0.8678	0.9322	0.8755	0.9123	0.8854	0.9125	0.8858	0.8906	0.8978	0.8824	0.8883
chr3_171150000_171160000	chr3	171150000	171160000	0.8888	0.8183	0.5354	0.6622	0.8422	0.7957	0.7651	0.811	0.7879	0.8568	0.8613	0.8425	0.7561	0.7503	0.9005	0.5815	0.8605	0.78	0.4915	0.5964	0.6141	0.8716	0.8647	0.822	0.8548	0.8576	0.8757	0.8925	0.8027	0.9172	0.8246	0.847	0.9019	0.8893	0.8185	0.7701	0.8657	0.884	0.8705	0.8991	0.8454	0.8737	0.8683	0.8955	0.8686
chr3_171160000_171170000	chr3	171160000	171170000	0.8648	0.8561	0.6302	0.7173	0.8588	0.8324	0.8202	0.8362	0.79	0.8939	0.9044	0.8701	0.8088	0.8365	0.8641	0.6886	0.8832	0.7717	0.548	0.7361	0.6773	0.9089	0.9068	0.8487	0.8711	0.9163	0.8647	0.875	0.7865	0.8596	0.8576	0.8767	0.8221	0.8558	0.8498	0.7838	0.8276	0.8812	0.8891	0.9135	0.8648	0.8595	0.8615	0.8578	0.8644
chr3_171170000_171180000	chr3	171170000	171180000	0.8945	0.8595	0.609	0.7265	0.8272	0.8373	0.7875	0.8737	0.7934	0.911	0.8975	0.8283	0.8383	0.7797	0.9316	0.6557	0.871	0.8382	0.5935	0.6853	0.6619	0.9021	0.9056	0.8582	0.8732	0.8583	0.8673	0.874	0.7604	0.8438	0.8395	0.8428	0.887	0.8361	0.8104	0.804	0.7677	0.8648	0.8445	0.8481	0.8682	0.8467	0.8814	0.8684	0.8587
chr3_171180000_171190000	chr3	171180000	171190000	0.7995	0.7388	0.5119	0.5266	0.7439	0.7503	0.6944	0.7368	0.7232	0.849	0.7738	0.7364	0.7222	0.6857	0.7646	0.5071	0.7432	0.7072	0.4416	0.5824	0.5462	0.8193	0.8048	0.7284	0.7593	0.7612	0.7046	0.7832	0.6372	0.7584	0.6886	0.7459	0.8294	0.7221	0.7372	0.6724	0.7065	0.7872	0.7925	0.7476	0.7796	0.6864	0.723	0.7407	0.7485
chr3_171190000_171200000	chr3	171190000	171200000	0.7654	0.8323	0.6714	0.7023	0.8076	0.8208	0.7715	0.7874	0.7762	0.8647	0.8696	0.7864	0.7995	0.8042	0.8476	0.7043	0.8608	0.7974	0.5821	0.7249	0.6556	0.8679	0.8799	0.8388	0.8847	0.876	0.9301	0.8529	0.8476	0.9353	0.8173	0.8761	0.8829	0.8871	0.8997	0.8676	0.8242	0.8628	0.9347	0.9335	0.8842	0.8878	0.8758	0.9176	0.9091
chr3_171200000_171210000	chr3	171200000	171210000	0.8505	0.8499	0.696	0.7295	0.8702	0.8828	0.8442	0.8671	0.853	0.9303	0.9075	0.8791	0.8806	0.81	0.8793	0.6963	0.8762	0.8886	0.6469	0.671	0.7103	0.9283	0.9324	0.8851	0.918	0.9117	0.9257	0.9034	0.9083	0.9221	0.8684	0.8964	0.9186	0.8763	0.8965	0.8849	0.8555	0.9261	0.9127	0.9187	0.8757	0.8982	0.9006	0.8592	0.8967
chr3_171210000_171220000	chr3	171210000	171220000	0.8686	0.8284	0.553	0.6113	0.8074	0.8077	0.7853	0.831	0.7981	0.8889	0.8459	0.8324	0.7908	0.7273	0.8399	0.6002	0.7513	0.7179	0.4321	0.6192	0.5871	0.8897	0.93	0.8259	0.8552	0.8757	0.8951	0.8897	0.842	0.8881	0.8243	0.8316	0.8858	0.8821	0.8419	0.8689	0.7733	0.9042	0.9011	0.9103	0.8844	0.8674	0.868	0.8889	0.8938
chr3_171220000_171230000	chr3	171220000	171230000	0.7424	0.7958	0.5909	0.6115	0.7678	0.7418	0.7269	0.8034	0.7026	0.8629	0.821	0.7781	0.7328	0.7179	0.8496	0.6293	0.7024	0.7787	0.3781	0.5531	0.4724	0.8483	0.7832	0.7863	0.832	0.827	0.8819	0.8894	0.7976	0.8045	0.8282	0.8644	0.9127	0.8504	0.8018	0.8394	0.7725	0.8681	0.8576	0.8851	0.87	0.8451	0.8404	0.8563	0.8511
chr3_171230000_171240000	chr3	171230000	171240000	0.8538	0.8561	0.6093	0.7047	0.8359	0.8175	0.8025	0.8026	0.7907	0.8123	0.85	0.8063	0.8229	0.8025	0.8423	0.6833	0.7633	0.8466	0.4941	0.6511	0.5623	0.8307	0.85	0.8179	0.8766	0.8482	0.9247	0.9209	0.8971	0.9347	0.8344	0.8911	0.9012	0.8926	0.8806	0.8762	0.8277	0.8953	0.9316	0.9427	0.9047	0.9003	0.8981	0.8794	0.9194
chr3_171240000_171250000	chr3	171240000	171250000	0.8098	0.8682	0.6372	0.6429	0.7943	0.809	0.8036	0.8327	0.7639	0.8794	0.8643	0.8424	0.79	0.7658	0.8531	0.6895	0.8056	0.7611	0.49	0.7042	0.6735	0.877	0.8611	0.8291	0.8672	0.8759	0.8868	0.88	0.8327	0.9011	0.8297	0.8699	0.8526	0.8723	0.8608	0.8346	0.8063	0.8683	0.903	0.8751	0.8769	0.8719	0.8544	0.8848	0.8736
chr3_171250000_171260000	chr3	171250000	171260000	0.8336	0.83	0.667	0.6949	0.7836	0.78	0.7662	0.8287	0.7647	0.8966	0.8717	0.854	0.8321	0.7738	0.8847	0.6347	0.7318	0.8925	0.4731	0.7061	0.6165	0.8517	0.8473	0.8097	0.831	0.8732	0.8635	0.8808	0.7474	0.8848	0.7546	0.8581	0.8453	0.8305	0.8003	0.7716	0.7517	0.8098	0.8779	0.887	0.862	0.8637	0.8283	0.8644	0.8695
chr3_171260000_171270000	chr3	171260000	171270000	0.7619	0.7892	0.6215	0.656	0.7784	0.7592	0.7476	0.7417	0.6825	0.8175	0.8315	0.8047	0.8264	0.7439	0.8303	0.68	0.678	0.8169	0.4226	0.6263	0.4974	0.7356	0.7884	0.7323	0.7615	0.7668	0.7951	0.759	0.6698	0.7909	0.7668	0.8168	0.7412	0.7501	0.7287	0.7112	0.7123	0.7614	0.8521	0.8546	0.8126	0.7541	0.8111	0.831	0.8063
chr3_171270000_171280000	chr3	171270000	171280000	0.9095	0.8821	0.6355	0.7247	0.7915	0.8576	0.8454	0.8406	0.8076	0.8649	0.9142	0.8914	0.8897	0.7469	0.9166	0.6895	0.7717	0.8694	0.5465	0.6962	0.7161	0.9117	0.9138	0.8643	0.8623	0.8579	0.9236	0.9141	0.8879	0.9109	0.8485	0.8513	0.901	0.8952	0.8505	0.8596	0.8693	0.8966	0.9	0.9248	0.9076	0.8635	0.8586	0.8866	0.8954
chr3_171280000_171290000	chr3	171280000	171290000	0.8742	0.7796	0.5561	0.7071	0.736	0.7306	0.7067	0.7756	0.7677	0.8297	0.8164	0.8394	0.8128	0.6284	0.864	0.5422	0.7549	0.8664	0.4606	0.5413	0.577	0.7576	0.7359	0.7373	0.716	0.7405	0.9048	0.8722	0.8058	0.8501	0.7681	0.8334	0.8695	0.8271	0.804	0.8569	0.8044	0.7983	0.7917	0.839	0.8635	0.8653	0.834	0.8004	0.8403
chr3_171290000_171300000	chr3	171290000	171300000	0.8712	0.8246	0.6251	0.6897	0.816	0.8143	0.7681	0.842	0.7564	0.8792	0.8796	0.8561	0.8098	0.7066	0.915	0.6638	0.7621	0.8511	0.4689	0.6137	0.5836	0.825	0.8705	0.8423	0.8261	0.826	0.8846	0.8996	0.8671	0.8804	0.8273	0.8581	0.882	0.8799	0.8323	0.8258	0.7804	0.8587	0.8736	0.8717	0.8597	0.8783	0.8928	0.881	0.8735
chr3_171300000_171310000	chr3	171300000	171310000	0.7943	0.8286	0.6304	0.7251	0.7949	0.7646	0.7241	0.7434	0.7288	0.7307	0.7837	0.7536	0.7414	0.733	0.826	0.6023	0.7286	0.7584	0.5128	0.6767	0.6167	0.8019	0.7744	0.779	0.724	0.7861	0.9047	0.8986	0.8171	0.8972	0.8095	0.9106	0.9025	0.8497	0.8026	0.8492	0.8151	0.8527	0.8727	0.8622	0.8606	0.8843	0.8893	0.8765	0.8715
chr3_171310000_171320000	chr3	171310000	171320000	0.8852	0.8417	0.6696	0.6835	0.8266	0.7703	0.7835	0.8374	0.8078	0.845	0.8739	0.8526	0.8675	0.7864	0.9036	0.7151	0.8397	0.8748	0.5669	0.6696	0.6637	0.8952	0.9124	0.8578	0.8611	0.8546	0.9181	0.9112	0.8742	0.9229	0.7968	0.8608	0.8928	0.8803	0.8409	0.8079	0.7868	0.8896	0.9325	0.9338	0.8857	0.8732	0.8757	0.8841	0.8927
chr3_171320000_171330000	chr3	171320000	171330000	0.8476	0.8181	0.577	0.6078	0.839	0.8219	0.6916	0.7994	0.7966	0.7925	0.8066	0.8147	0.7958	0.7156	0.8637	0.7048	0.7391	0.8055	0.4917	0.5892	0.6456	0.8574	0.863	0.8386	0.7872	0.8243	0.8806	0.8568	0.8199	0.8807	0.7988	0.836	0.8932	0.7823	0.8297	0.8115	0.7903	0.8569	0.8307	0.8415	0.8153	0.8264	0.8229	0.8064	0.8165
chr3_171330000_171340000	chr3	171330000	171340000	0.8577	0.8588	0.6444	0.6952	0.8205	0.8172	0.7998	0.8515	0.7849	0.8055	0.8596	0.8168	0.8003	0.7452	0.9149	0.6861	0.7876	0.8369	0.5035	0.6598	0.5876	0.8634	0.8454	0.8212	0.8443	0.8358	0.8765	0.822	0.7117	0.8873	0.8165	0.769	0.8755	0.7689	0.8114	0.7228	0.8129	0.8732	0.7735	0.763	0.7812	0.7636	0.8227	0.767	0.7881
chr3_171340000_171350000	chr3	171340000	171350000	0.8005	0.8125	0.6085	0.6208	0.7594	0.6963	0.7459	0.7386	0.7503	0.7833	0.863	0.7748	0.758	0.7197	0.8186	0.6152	0.7983	0.8185	0.4147	0.6193	0.5816	0.7684	0.7904	0.7304	0.8177	0.7714	0.8206	0.7112	0.6613	0.8519	0.7349	0.7918	0.8223	0.7198	0.7672	0.6781	0.7295	0.7898	0.8012	0.81	0.7815	0.7864	0.7903	0.7809	0.8052
chr3_171350000_171360000	chr3	171350000	171360000	0.7958	0.8107	0.6328	0.6334	0.7641	0.7375	0.7069	0.7334	0.7139	0.8508	0.8162	0.8013	0.7873	0.7612	0.7162	0.6609	0.8431	0.7984	0.4695	0.6414	0.5543	0.8061	0.8309	0.78	0.7904	0.8052	0.6656	0.6248	0.6186	0.7517	0.7436	0.7832	0.6272	0.6658	0.7278	0.559	0.6286	0.6862	0.7564	0.7169	0.8026	0.7448	0.774	0.7714	0.7882
chr3_171360000_171370000	chr3	171360000	171370000	0.8554	0.8521	0.6604	0.6354	0.8597	0.8359	0.7713	0.8734	0.7631	0.8416	0.8959	0.8165	0.8356	0.7568	0.9122	0.6415	0.8606	0.856	0.4555	0.6749	0.5283	0.8846	0.9029	0.8136	0.8591	0.8699	0.8865	0.8887	0.8601	0.9232	0.8206	0.8743	0.8861	0.8869	0.8502	0.841	0.8523	0.8712	0.9172	0.8948	0.8516	0.8664	0.8585	0.8745	0.8898
chr3_171370000_171380000	chr3	171370000	171380000	0.852	0.7985	0.5813	0.6657	0.7978	0.8233	0.772	0.8117	0.7611	0.9083	0.8392	0.825	0.8003	0.7192	0.8723	0.5631	0.7689	0.8412	0.4708	0.6198	0.5694	0.8574	0.9052	0.8443	0.8372	0.842	0.8327	0.8645	0.8039	0.8671	0.7652	0.8259	0.8627	0.8366	0.8042	0.7687	0.7324	0.8389	0.8534	0.8712	0.8056	0.8393	0.8245	0.814	0.8728
chr3_171380000_171390000	chr3	171380000	171390000	0.7699	0.7826	0.5304	0.623	0.7196	0.7428	0.7115	0.7111	0.7044	0.764	0.8039	0.6979	0.7302	0.6316	0.8067	0.5014	0.7145	0.7268	0.389	0.6248	0.493	0.7785	0.815	0.7277	0.7403	0.7856	0.8169	0.8318	0.7777	0.838	0.7566	0.7823	0.8218	0.8413	0.8033	0.7572	0.7433	0.7887	0.8115	0.8273	0.769	0.8171	0.7769	0.7982	0.8138
chr3_171390000_171400000	chr3	171390000	171400000	0.8692	0.831	0.517	0.641	0.8209	0.8181	0.7544	0.8404	0.7684	0.8722	0.8666	0.8304	0.8165	0.7314	0.8926	0.5896	0.7735	0.8368	0.4936	0.6492	0.6265	0.8794	0.8621	0.8634	0.8556	0.8721	0.8992	0.8631	0.8121	0.895	0.827	0.8285	0.9157	0.8495	0.8279	0.8241	0.8135	0.8804	0.853	0.8537	0.8427	0.8697	0.8648	0.812	0.8684
chr3_171400000_171410000	chr3	171400000	171410000	0.8577	0.8368	0.584	0.646	0.8145	0.8172	0.8402	0.8434	0.7553	0.8487	0.8099	0.8276	0.8071	0.768	0.8815	0.6033	0.8075	0.7953	0.4184	0.6582	0.6251	0.8938	0.8904	0.8329	0.8383	0.8758	0.8316	0.8839	0.8436	0.855	0.8195	0.8778	0.8662	0.8551	0.8421	0.8117	0.7847	0.8744	0.8805	0.8456	0.8806	0.8804	0.8646	0.8723	0.8507
chr3_171410000_171420000	chr3	171410000	171420000	0.9036	0.8501	0.4971	0.6379	0.7905	0.8201	0.8081	0.8245	0.7479	0.8527	0.8554	0.8468	0.7864	0.7387	0.8754	0.6062	0.7762	0.794	0.4517	0.5802	0.5521	0.8721	0.8693	0.8293	0.8443	0.846	0.9118	0.8765	0.7985	0.9139	0.8025	0.8681	0.8821	0.8668	0.8526	0.8403	0.8319	0.8587	0.8505	0.8692	0.8766	0.8688	0.8663	0.8624	0.8509
chr3_171420000_171430000	chr3	171420000	171430000	0.9049	0.866	0.5452	0.6262	0.7867	0.8518	0.8157	0.8304	0.7645	0.898	0.8995	0.8444	0.7636	0.7535	0.8576	0.5636	0.7985	0.739	0.455	0.6361	0.648	0.9064	0.9025	0.8758	0.8819	0.883	0.8605	0.8885	0.8232	0.8891	0.8275	0.8826	0.8857	0.8654	0.8319	0.8359	0.8239	0.8782	0.9146	0.9055	0.8685	0.8795	0.8716	0.8678	0.8529
chr3_171430000_171440000	chr3	171430000	171440000	0.8743	0.8547	0.4964	0.6785	0.8268	0.8234	0.8205	0.8428	0.7885	0.8839	0.8933	0.8524	0.804	0.7088	0.9021	0.6006	0.7187	0.8359	0.4808	0.5796	0.6299	0.8957	0.8967	0.854	0.8904	0.8702	0.9213	0.8757	0.8344	0.9367	0.8373	0.8768	0.9089	0.8486	0.8671	0.8256	0.8233	0.9148	0.8926	0.8872	0.8688	0.848	0.8739	0.8289	0.8601
chr3_171440000_171450000	chr3	171440000	171450000	0.8655	0.8361	0.5215	0.6438	0.8391	0.803	0.7787	0.7938	0.7383	0.8653	0.8059	0.8006	0.7768	0.7252	0.8697	0.6436	0.7314	0.8103	0.5555	0.589	0.5549	0.8802	0.8343	0.8064	0.8194	0.8237	0.7898	0.8167	0.7823	0.8102	0.7715	0.8245	0.8608	0.7873	0.8219	0.7609	0.7895	0.8414	0.8237	0.789	0.8383	0.808	0.8268	0.7962	0.8517
chr3_171450000_171460000	chr3	171450000	171460000	0.7781	0.7017	0.4875	0.5973	0.7157	0.6934	0.6918	0.6869	0.694	0.8198	0.7199	0.7409	0.7378	0.6115	0.8465	0.5757	0.7003	0.8172	0.4687	0.5471	0.6484	0.6964	0.7103	0.7436	0.7	0.6956	0.584	0.5369	0.5097	0.7051	0.5878	0.6702	0.5814	0.6098	0.6072	0.5154	0.5992	0.5928	0.6101	0.5377	0.6786	0.6774	0.6633	0.6452	0.67
chr3_171460000_171470000	chr3	171460000	171470000	0.7339	0.6629	0.4604	0.5753	0.6758	0.6994	0.6701	0.6424	0.6818	0.7366	0.7758	0.6447	0.6971	0.6445	0.7723	0.5522	0.7614	0.7754	0.5373	0.5504	0.5685	0.7474	0.69	0.6795	0.6368	0.7064	0.6652	0.68	0.6365	0.7185	0.6606	0.7199	0.6957	0.6883	0.6988	0.6338	0.6267	0.7426	0.6697	0.7542	0.686	0.7888	0.7098	0.6914	0.7413
chr3_171470000_171480000	chr3	171470000	171480000	0.8659	0.8578	0.5732	0.7143	0.8312	0.8206	0.8369	0.8511	0.7892	0.9021	0.9095	0.7987	0.8028	0.7861	0.8859	0.7325	0.8642	0.8619	0.509	0.6805	0.7112	0.8997	0.9102	0.8867	0.8858	0.8921	0.7026	0.7334	0.7561	0.8127	0.8317	0.8902	0.796	0.8665	0.8411	0.6959	0.7634	0.8703	0.8927	0.8892	0.8773	0.8941	0.8765	0.873	0.878
chr3_171480000_171490000	chr3	171480000	171490000	0.8342	0.7843	0.5657	0.6023	0.8004	0.7628	0.737	0.77	0.7026	0.8772	0.8373	0.7442	0.6893	0.7153	0.7379	0.7171	0.7312	0.7684	0.4423	0.5521	0.5224	0.8165	0.8249	0.7829	0.8356	0.7893	0.7788	0.8431	0.7757	0.8379	0.7551	0.823	0.7982	0.8176	0.7971	0.7484	0.7481	0.848	0.8283	0.8489	0.8576	0.8309	0.8208	0.8113	0.8552
chr3_171490000_171500000	chr3	171490000	171500000	0.8521	0.8147	0.586	0.7238	0.8132	0.8025	0.7881	0.7977	0.7492	0.8553	0.9009	0.8053	0.7898	0.7745	0.8397	0.7818	0.8541	0.849	0.6621	0.6449	0.6678	0.8613	0.8556	0.8223	0.8229	0.8271	0.809	0.8427	0.7606	0.8701	0.7837	0.852	0.8268	0.7997	0.8107	0.7333	0.7178	0.8467	0.841	0.8394	0.843	0.8719	0.8471	0.8505	0.8439
chr3_171500000_171510000	chr3	171500000	171510000	0.8561	0.7732	0.588	0.7155	0.7552	0.8044	0.7776	0.7575	0.7037	0.8484	0.8801	0.794	0.7433	0.821	0.8109	0.6513	0.8022	0.8518	0.7016	0.5547	0.5862	0.8468	0.9047	0.8051	0.7832	0.7909	0.8301	0.8564	0.7773	0.8924	0.74	0.8722	0.7641	0.8052	0.8193	0.699	0.7674	0.8831	0.8509	0.8278	0.8616	0.9035	0.7794	0.8052	0.8319
chr3_171510000_171520000	chr3	171510000	171520000	0.8205	0.7328	0.4562	0.5788	0.665	0.7288	0.7068	0.6942	0.6569	0.7744	0.8707	0.7063	0.6652	0.669	0.7402	0.5551	0.7405	0.7129	0.4792	0.5264	0.5873	0.7827	0.853	0.7868	0.7988	0.7855	0.6853	0.79	0.6693	0.784	0.7068	0.8527	0.678	0.7719	0.7588	0.6422	0.6455	0.8229	0.756	0.7544	0.7683	0.8564	0.7279	0.7522	0.7743
chr3_171520000_171530000	chr3	171520000	171530000	0.8875	0.8563	0.6102	0.748	0.8076	0.805	0.797	0.842	0.7706	0.8927	0.8584	0.8124	0.7742	0.7574	0.8478	0.7072	0.8459	0.8687	0.5806	0.7162	0.68	0.9104	0.8574	0.8412	0.8606	0.8646	0.7093	0.7266	0.7156	0.8356	0.783	0.8131	0.8588	0.8141	0.7795	0.7187	0.7425	0.7911	0.8804	0.8869	0.8384	0.843	0.8269	0.8643	0.8526
chr3_171530000_171540000	chr3	171530000	171540000	0.9132	0.8846	0.6552	0.7476	0.8369	0.8213	0.8141	0.8434	0.7953	0.9179	0.9017	0.7955	0.8134	0.8127	0.8947	0.6931	0.8326	0.8505	0.6346	0.7102	0.6913	0.9073	0.9106	0.8644	0.8914	0.9008	0.8222	0.9217	0.839	0.9374	0.8127	0.8756	0.8113	0.8867	0.8773	0.8405	0.8503	0.8726	0.9107	0.936	0.8795	0.9057	0.8783	0.8974	0.9071
chr3_171540000_171550000	chr3	171540000	171550000	0.8909	0.8197	0.5484	0.6236	0.7781	0.7849	0.757	0.7794	0.7123	0.8403	0.8692	0.743	0.7433	0.7438	0.8558	0.5863	0.7492	0.8111	0.4842	0.6348	0.6151	0.868	0.8311	0.8164	0.8046	0.8306	0.7939	0.8363	0.8312	0.8975	0.7787	0.8454	0.8155	0.8374	0.8128	0.7705	0.7558	0.8161	0.8566	0.907	0.8523	0.8613	0.8318	0.8289	0.8435
chr3_171550000_171560000	chr3	171550000	171560000	0.8427	0.8331	0.5899	0.7267	0.7933	0.7455	0.7579	0.7962	0.7716	0.8406	0.8194	0.7969	0.7295	0.7615	0.8862	0.6308	0.7411	0.8559	0.4416	0.6914	0.6025	0.8549	0.8266	0.8175	0.8325	0.8261	0.7317	0.81	0.8224	0.8943	0.8256	0.8134	0.8146	0.8183	0.8269	0.8109	0.7869	0.8622	0.8523	0.8047	0.8881	0.8402	0.8584	0.8461	0.8641
chr3_171560000_171570000	chr3	171560000	171570000	0.8255	0.7699	0.5365	0.6309	0.7354	0.7481	0.7283	0.7732	0.6662	0.8478	0.7893	0.7168	0.6644	0.7098	0.7906	0.5745	0.7486	0.7585	0.491	0.5771	0.5684	0.8388	0.8148	0.7566	0.7866	0.7802	0.6965	0.8102	0.7529	0.822	0.7295	0.796	0.75	0.7815	0.7738	0.7365	0.7191	0.8061	0.8125	0.7807	0.8106	0.7945	0.7649	0.7955	0.8082
chr3_171570000_171580000	chr3	171570000	171580000	0.8659	0.8378	0.5692	0.6209	0.7887	0.7777	0.77	0.7945	0.7376	0.9071	0.8453	0.7389	0.8009	0.7392	0.8614	0.6239	0.7746	0.8677	0.5247	0.5974	0.6204	0.8692	0.8524	0.8386	0.8616	0.8716	0.6376	0.8293	0.6949	0.8705	0.7961	0.836	0.7794	0.8144	0.8381	0.7836	0.6697	0.8458	0.8793	0.8936	0.8581	0.8363	0.8181	0.8225	0.8682
chr3_171580000_171590000	chr3	171580000	171590000	0.8665	0.8454	0.6982	0.77	0.7994	0.7872	0.7754	0.7842	0.7975	0.8503	0.8623	0.837	0.8788	0.8009	0.8708	0.7911	0.8335	0.9248	0.5879	0.7503	0.6785	0.8496	0.8407	0.842	0.8653	0.8872	0.7865	0.8026	0.7885	0.8476	0.793	0.8237	0.8317	0.8432	0.8514	0.6847	0.7855	0.8221	0.8908	0.9152	0.8574	0.8468	0.8591	0.821	0.8485
chr3_171590000_171600000	chr3	171590000	171600000	0.8616	0.7919	0.6663	0.6836	0.7544	0.7686	0.7551	0.78	0.7872	0.8721	0.8573	0.7506	0.7933	0.7424	0.8571	0.7105	0.8279	0.8583	0.7029	0.7249	0.6717	0.8414	0.8034	0.7897	0.8115	0.8239	0.8413	0.8004	0.7413	0.8285	0.7615	0.8398	0.7929	0.8149	0.769	0.7631	0.7789	0.814	0.8451	0.8733	0.7995	0.804	0.7483	0.8034	0.8296
chr3_171600000_171610000	chr3	171600000	171610000	0.9181	0.8496	0.8398	0.82	0.8062	0.7694	0.8034	0.8381	0.9054	0.9387	0.9154	0.9027	0.8882	0.8559	0.9318	0.882	0.8906	0.9301	0.908	0.8109	0.9266	0.9067	0.8908	0.8792	0.8783	0.8993	0.9226	0.9169	0.8409	0.9122	0.8239	0.8598	0.8784	0.8776	0.8761	0.8283	0.8693	0.8802	0.8876	0.9031	0.89	0.877	0.8365	0.9058	0.8616
chr3_171610000_171620000	chr3	171610000	171620000	0.7649	0.7976	0.7966	0.7579	0.738	0.7	0.7065	0.7569	0.8531	0.7885	0.8835	0.8632	0.8973	0.7839	0.9096	0.8897	0.878	0.8872	0.8544	0.7802	0.8982	0.855	0.8245	0.8354	0.8106	0.8737	0.7832	0.8481	0.7642	0.7976	0.762	0.8307	0.8817	0.7997	0.7777	0.7781	0.7945	0.805	0.8272	0.8657	0.7817	0.7879	0.734	0.8093	0.7699
chr3_171620000_171630000	chr3	171620000	171630000	0.8448	0.8877	0.8302	0.6823	0.824	0.8025	0.8175	0.8732	0.7843	0.9374	0.8875	0.833	0.7305	0.8361	0.7771	0.8104	0.824	0.8516	0.8847	0.8464	0.8197	0.9653	0.8802	0.8916	0.9378	0.8921	0.7226	0.7875	0.7632	0.8807	0.798	0.8512	0.7841	0.9008	0.8928	0.7533	0.7447	0.9104	0.9205	0.945	0.8847	0.9368	0.8532	0.9069	0.8957
chr3_171630000_171640000	chr3	171630000	171640000	0.9569	0.9426	0.8935	0.8653	0.8641	0.835	0.8981	0.92	0.9286	0.9483	0.9819	0.961	0.9639	0.9508	0.9805	0.8283	0.9322	0.9662	0.9593	0.8793	0.9532	0.9632	0.9894	0.9468	0.9333	0.9478	0.9401	0.9771	0.9423	0.9455	0.9304	0.9342	0.9175	0.9732	0.9165	0.9088	0.9222	0.9205	0.9411	0.9563	0.9303	0.9046	0.8822	0.9165	0.91
chr3_171640000_171650000	chr3	171640000	171650000	0.8741	0.845	0.7906	0.817	0.8065	0.771	0.7959	0.8318	0.8843	0.8702	0.8905	0.8646	0.8468	0.8325	0.9077	0.8547	0.8704	0.913	0.8534	0.8001	0.8855	0.8705	0.846	0.8472	0.8424	0.8486	0.88	0.8664	0.7878	0.8853	0.7976	0.8689	0.8558	0.8261	0.8498	0.7911	0.8206	0.8288	0.8571	0.8595	0.8376	0.8734	0.8324	0.8444	0.8482
chr3_171650000_171660000	chr3	171650000	171660000	0.8501	0.7815	0.765	0.7748	0.7738	0.7241	0.6804	0.7664	0.8248	0.7941	0.8457	0.8214	0.8339	0.8357	0.8933	0.854	0.8406	0.856	0.8277	0.7472	0.8713	0.8224	0.7982	0.7978	0.8185	0.8115	0.8108	0.9045	0.8366	0.9042	0.7755	0.8405	0.8928	0.8524	0.8342	0.8578	0.756	0.8524	0.8728	0.8792	0.869	0.8917	0.8025	0.8438	0.8631
chr3_171660000_171670000	chr3	171660000	171670000	0.9116	0.8683	0.8636	0.8402	0.8382	0.7816	0.8325	0.8949	0.9072	0.9075	0.9401	0.8861	0.8883	0.8994	0.9413	0.8915	0.9151	0.9247	0.8932	0.8374	0.9355	0.9059	0.8851	0.8625	0.8731	0.9025	0.922	0.885	0.8614	0.9389	0.8311	0.8879	0.8658	0.8796	0.8765	0.8409	0.8878	0.8601	0.9129	0.9226	0.8674	0.9014	0.8358	0.8828	0.8722
chr3_171670000_171680000	chr3	171670000	171680000	0.8724	0.8311	0.822	0.787	0.8155	0.7522	0.8003	0.8299	0.8391	0.9028	0.9086	0.8384	0.8766	0.877	0.9126	0.8786	0.8734	0.8994	0.8655	0.8103	0.8712	0.898	0.8701	0.8556	0.8612	0.8913	0.7121	0.7645	0.7496	0.7802	0.7733	0.8337	0.7534	0.8029	0.8182	0.6834	0.7686	0.7973	0.8839	0.889	0.8532	0.8475	0.8061	0.8213	0.8318
chr3_171680000_171690000	chr3	171680000	171690000	0.8708	0.8319	0.8105	0.7603	0.8098	0.7469	0.7513	0.8277	0.8532	0.9031	0.9144	0.7808	0.8529	0.8399	0.9125	0.8653	0.8674	0.9122	0.8883	0.7782	0.9241	0.903	0.8827	0.8445	0.8792	0.8811	0.754	0.7883	0.7353	0.821	0.7492	0.8897	0.814	0.8536	0.8508	0.6718	0.7455	0.7925	0.8849	0.9272	0.8518	0.8598	0.8165	0.8563	0.8512
chr3_171690000_171700000	chr3	171690000	171700000	0.8912	0.8367	0.8594	0.8037	0.7739	0.766	0.7901	0.8361	0.8808	0.8344	0.8943	0.8779	0.9157	0.874	0.9296	0.9275	0.8594	0.9545	0.9224	0.8391	0.8763	0.9193	0.8789	0.8613	0.8775	0.888	0.9018	0.8889	0.8713	0.907	0.8021	0.8348	0.8862	0.879	0.8349	0.832	0.8761	0.8671	0.8917	0.8972	0.8332	0.8784	0.8143	0.8331	0.8608
